student_id|volleyball|math_club|choir|soccer|business|govern
1001|0|0|0|0|0|1
1002|0|0|1|0|1|0
1003|0|0|1|1|0|0
1004|0|1|1|0|1|0
1005|0|0|0|0|1|0
1006|0|0|1|0|0|0
1007|0|0|0|0|1|0
1008|0|0|1|1|1|0
1009|0|1|0|0|1|0
1010|1|0|1|0|1|0
1011|0|1|1|0|1|0
1012|0|0|1|0|1|0
1013|0|0|0|0|0|1
1014|1|0|0|0|1|0
1015|0|0|1|0|0|0
1016|1|0|0|0|0|0
1017|0|0|0|0|1|0
1018|0|0|1|0|1|0
1019|0|0|0|0|0|1
1020|1|1|1|0|1|0
1021|0|0|0|0|0|1
1022|0|0|1|0|1|0
1023|0|1|1|1|1|0
1024|0|1|1|1|1|0
1025|1|1|0|0|1|1
1026|0|1|1|0|1|0
1027|0|1|1|0|0|0
1028|1|0|1|0|1|0
1029|0|0|1|0|0|0
1030|0|0|0|0|1|0
1031|0|1|1|1|1|0
1032|0|0|0|0|0|1
1033|0|1|1|0|0|0
1034|0|1|1|0|1|0
1035|0|1|1|0|1|0
1036|0|1|1|0|0|0
1037|1|1|0|0|0|1
1038|0|1|0|0|1|0
1039|0|1|1|0|0|0
1040|0|0|1|0|1|0
1041|1|0|1|1|1|0
1042|0|0|1|0|0|0
1043|0|1|0|0|1|0
1044|0|0|1|0|1|0
1045|0|0|1|0|1|0
1046|0|1|0|0|1|0
1047|0|0|0|0|1|0
1048|1|0|0|0|1|0
1049|0|0|0|0|1|0
1050|0|1|0|0|0|0
1051|0|1|1|0|1|0
1052|1|0|0|0|1|0
1053|0|0|1|0|1|0
1054|0|0|1|0|1|0
1055|0|1|0|0|1|0
1056|0|1|1|1|1|0
1057|0|0|0|0|1|0
1058|0|0|1|0|1|0
1059|0|0|0|0|0|1
1060|0|1|1|0|1|0
1061|1|0|1|0|1|0
1062|0|1|0|1|0|0
1063|0|0|0|0|1|0
1064|1|0|1|0|1|0
1065|1|0|1|1|1|0
1066|1|1|1|0|0|1
1067|0|1|1|0|1|0
1068|0|0|0|1|0|0
1069|0|0|1|0|1|0
1070|0|0|0|0|1|0
1071|0|1|1|0|1|0
1072|0|1|1|0|0|0
1073|0|0|1|1|1|0
1074|1|0|1|0|1|0
1075|0|1|1|0|1|0
1076|0|0|0|0|0|1
1077|0|0|1|0|1|0
1078|0|0|1|0|0|0
1079|0|0|0|0|1|0
1080|0|0|0|0|1|0
1081|1|0|1|0|1|0
1082|0|0|0|1|1|0
1083|0|1|1|0|0|0
1084|0|1|1|0|1|0
1085|0|0|0|0|0|1
1086|0|1|1|0|0|0
1087|0|0|0|0|1|0
1088|0|0|1|1|1|0
1089|0|1|1|0|1|0
1090|0|1|1|0|1|0
1091|0|0|0|1|0|0
1092|0|1|1|0|0|0
1093|0|0|0|1|1|0
1094|1|0|1|0|1|1
1095|0|0|0|1|0|0
1096|0|0|0|1|1|0
1097|0|0|0|0|1|0
1098|0|0|1|0|1|1
1099|1|0|0|1|1|0
1100|1|0|1|0|1|0
1101|0|0|1|0|0|0
1102|0|0|1|0|1|0
1103|0|1|0|1|1|0
1104|0|0|0|0|1|0
1105|1|0|1|0|1|0
1106|0|0|1|0|1|0
1107|0|1|0|1|0|0
1108|0|0|0|0|0|1
1109|0|0|1|0|0|0
1110|1|1|0|0|0|0
1111|0|0|1|0|0|0
1112|0|0|0|0|1|0
1113|0|1|0|1|1|0
1114|0|0|0|0|1|0
1115|0|0|0|1|1|0
1116|0|0|1|0|0|0
1117|1|0|1|0|0|0
1118|0|0|0|0|0|1
1119|0|0|1|0|0|0
1120|1|0|1|0|0|0
1121|0|0|0|0|0|1
1122|0|0|0|1|0|0
1123|0|1|0|0|1|0
1124|0|0|0|1|1|0
1125|0|0|0|0|0|1
1126|1|0|1|0|1|0
1127|1|1|0|0|0|0
1128|0|0|1|0|1|0
1129|0|0|0|0|0|1
1130|0|0|1|1|1|0
1131|0|1|1|0|1|0
1132|0|1|0|0|1|0
1133|0|1|1|0|1|0
1134|0|0|1|0|1|0
1135|0|1|1|1|0|0
1136|0|0|1|1|1|0
1137|0|1|1|0|1|0
1138|0|0|1|1|1|0
1139|0|1|1|1|1|0
1140|1|0|0|0|1|0
1141|0|1|1|1|1|0
1142|0|0|0|0|1|0
1143|0|0|0|0|1|0
1144|0|1|0|0|1|0
1145|0|0|0|0|1|0
1146|0|1|1|1|1|1
1147|1|0|1|0|1|1
1148|1|0|1|0|1|0
1149|1|1|0|1|1|0
1150|1|0|1|0|1|0
1151|0|1|1|0|1|0
1152|0|0|0|0|0|1
1153|0|0|0|0|1|0
1154|0|0|0|0|1|0
1155|0|0|0|1|0|0
1156|0|0|0|0|0|1
1157|0|1|0|1|1|0
1158|0|0|0|0|1|0
1159|0|0|0|1|1|0
1160|1|1|0|0|0|0
1161|0|1|0|0|0|0
1162|1|0|1|0|1|0
1163|0|1|1|0|1|0
1164|0|0|1|0|0|0
1165|0|0|1|1|0|0
1166|1|0|1|0|0|0
1167|0|0|0|1|1|0
1168|0|0|1|1|0|0
1169|0|1|0|1|1|0
1170|0|0|0|0|1|0
1171|0|1|0|0|0|0
1172|0|0|1|0|1|0
1173|0|1|0|0|1|0
1174|0|1|0|0|0|0
1175|0|0|0|0|1|0
1176|0|1|0|0|0|0
1177|0|1|0|0|0|0
1178|0|0|1|0|0|0
1179|0|0|1|0|0|0
1180|0|0|1|0|1|0
1181|0|0|0|0|1|0
1182|0|0|1|0|1|0
1183|0|1|1|0|1|1
1184|0|0|1|0|1|0
1185|0|0|0|0|0|1
1186|0|1|0|0|1|0
1187|1|0|1|0|1|1
1188|0|1|0|0|0|0
1189|0|0|0|0|1|0
1190|1|1|1|0|1|1
1191|1|0|1|0|1|1
1192|0|0|0|0|1|0
1193|1|0|0|0|1|0
1194|0|0|0|0|0|1
1195|0|0|1|0|0|1
1196|1|1|0|0|1|1
1197|0|0|1|0|1|0
1198|0|1|1|0|0|0
1199|0|1|1|1|1|0
1200|1|1|1|0|0|0
1201|0|0|1|0|1|0
1202|0|1|0|1|0|0
1203|0|1|1|0|0|0
1204|1|1|1|0|0|0
1205|0|0|1|0|0|0
1206|0|0|0|0|1|0
1207|0|1|0|0|1|0
1208|0|1|0|1|0|0
1209|0|1|0|0|1|0
1210|0|0|1|1|1|0
1211|0|1|1|0|1|0
1212|1|0|0|1|1|0
1213|0|1|1|0|1|0
1214|1|0|1|0|1|0
1215|1|0|1|0|0|0
1216|1|1|0|0|1|0
1217|0|0|0|0|0|1
1218|0|0|0|0|1|0
1219|0|1|1|1|0|0
1220|0|0|1|0|1|0
1221|1|1|1|1|1|0
1222|1|1|1|0|1|0
1223|0|0|0|0|1|0
1224|0|0|1|0|1|0
1225|0|0|1|1|1|0
1226|0|1|0|1|1|0
1227|1|0|1|0|0|0
1228|0|1|0|0|1|0
1229|0|0|1|0|1|1
1230|0|1|1|1|0|0
1231|0|0|1|0|1|0
1232|0|0|1|0|1|0
1233|1|1|1|1|1|1
1234|0|0|0|0|1|0
1235|1|1|1|0|1|0
1236|0|0|1|0|1|0
1237|1|0|0|1|0|0
1238|0|1|1|0|1|0
1239|0|1|1|0|0|1
1240|0|0|1|1|0|0
1241|1|1|0|0|1|0
1242|0|0|1|0|1|0
1243|0|1|0|0|1|0
1244|0|0|0|0|1|0
1245|0|0|0|0|0|1
1246|0|0|1|1|0|0
1247|0|0|1|1|0|0
1248|0|0|1|0|0|0
1249|1|0|1|1|1|0
1250|0|0|1|0|1|0
1251|0|0|0|0|0|1
1252|0|1|0|1|1|0
1253|0|0|0|0|0|1
1254|0|0|0|1|1|0
1255|0|0|1|0|0|0
1256|1|0|1|1|1|1
1257|1|0|1|0|1|0
1258|0|1|0|0|1|0
1259|1|0|0|0|1|0
1260|0|0|0|0|0|1
1261|0|0|0|0|1|0
1262|0|0|1|0|1|0
1263|0|1|1|1|1|0
1264|0|0|1|0|1|0
1265|0|0|0|1|1|0
1266|1|0|1|0|0|0
1267|0|1|1|0|0|0
1268|0|0|0|0|1|0
1269|0|1|1|0|1|0
1270|0|0|1|0|1|1
1271|1|0|0|1|1|0
1272|0|0|0|0|0|1
1273|1|0|0|1|1|1
1274|0|0|1|0|0|0
1275|0|0|1|0|1|0
1276|0|0|0|0|0|1
1277|0|1|1|0|0|0
1278|0|0|0|1|1|0
1279|0|0|1|0|1|0
1280|1|0|0|0|1|0
1281|1|0|0|0|1|0
1282|0|1|0|0|1|1
1283|0|0|1|0|0|0
1284|1|0|0|0|0|0
1285|0|0|0|0|1|0
1286|0|0|0|0|0|1
1287|0|1|0|1|0|0
1288|0|1|0|0|1|0
1289|0|0|0|0|0|1
1290|0|0|1|0|1|0
1291|0|0|1|0|0|0
1292|0|0|1|0|0|0
1293|0|0|0|1|1|0
1294|0|0|1|0|1|0
1295|1|1|1|0|1|0
1296|0|0|1|1|1|0
1297|0|0|0|1|1|0
1298|1|1|0|0|1|0
1299|0|0|1|0|1|0
1300|0|0|0|0|1|0
1301|0|0|0|0|1|0
1302|0|0|0|0|0|1
1303|0|0|1|0|0|1
1304|0|0|0|1|0|0
1305|0|1|0|0|0|0
1306|0|1|1|1|1|0
1307|0|0|1|1|0|0
1308|1|0|0|0|1|0
1309|0|0|0|0|1|0
1310|1|1|1|0|1|0
1311|0|0|1|1|0|0
1312|1|0|0|0|0|0
1313|0|1|0|0|1|0
1314|0|0|0|0|0|1
1315|0|1|1|0|1|0
1316|0|0|1|0|1|0
1317|0|1|0|1|1|0
1318|0|0|1|1|1|0
1319|0|0|0|0|1|0
1320|0|1|1|0|1|0
1321|0|1|0|1|1|0
1322|0|0|1|0|1|0
1323|0|0|0|0|1|0
1324|0|1|1|0|0|0
1325|0|0|0|0|0|1
1326|1|0|0|0|1|0
1327|0|0|1|0|1|0
1328|0|0|1|0|1|0
1329|1|0|0|1|0|0
1330|0|0|1|0|1|0
1331|1|0|0|0|1|0
1332|0|0|0|0|1|0
1333|1|0|0|0|0|0
1334|0|0|1|1|0|0
1335|0|0|0|0|1|0
1336|1|1|1|0|1|1
1337|0|0|0|0|1|0
1338|0|0|1|0|0|0
1339|0|1|0|1|0|0
1340|0|0|1|0|1|0
1341|0|0|1|0|0|0
1342|0|1|1|1|1|0
1343|0|0|0|0|1|0
1344|1|1|0|0|1|0
1345|0|0|1|0|0|0
1346|0|1|0|0|1|0
1347|0|0|1|0|0|0
1348|0|0|0|0|1|0
1349|1|0|1|0|1|0
1350|0|0|1|0|1|0
1351|0|1|1|0|1|0
1352|0|0|1|0|0|0
1353|0|0|0|0|1|0
1354|0|0|0|0|1|1
1355|0|0|0|0|1|1
1356|0|1|0|0|1|0
1357|0|1|1|0|1|0
1358|0|0|1|0|1|0
1359|0|1|1|0|1|0
1360|0|0|1|0|1|0
1361|0|1|0|0|0|1
1362|1|0|0|0|1|0
1363|0|0|0|0|1|0
1364|0|0|1|0|0|0
1365|0|1|1|0|1|0
1366|0|1|1|0|0|1
1367|0|0|0|0|1|0
1368|0|0|0|0|1|1
1369|0|1|1|0|1|0
1370|0|0|1|1|1|1
1371|0|1|0|1|0|0
1372|1|1|0|0|0|0
1373|0|0|1|0|0|0
1374|0|0|1|0|1|0
1375|0|1|1|0|1|0
1376|0|0|1|0|0|0
1377|0|0|1|0|0|0
1378|0|0|0|0|1|1
1379|0|0|1|0|1|0
1380|1|0|0|1|1|0
1381|0|1|1|0|1|0
1382|0|0|1|0|0|0
1383|0|0|0|1|1|1
1384|0|0|1|0|1|0
1385|0|0|1|1|1|0
1386|1|1|1|1|0|0
1387|0|0|1|1|1|0
1388|0|0|0|0|1|0
1389|0|0|0|0|1|0
1390|0|0|0|0|1|0
1391|0|1|0|0|1|0
1392|1|0|1|0|0|0
1393|0|0|1|0|1|0
1394|1|1|1|0|1|0
1395|0|0|1|0|1|0
1396|0|0|0|0|1|0
1397|1|0|0|0|0|0
1398|0|0|0|0|0|1
1399|1|0|1|0|1|0
1400|0|0|0|0|1|0
